0 0 260.368 5.34905 39.1486 0.818282 0.0205442 0.167336
0 1 244.664 23.8972 33.1521 3.16297 0.0985829 0.0704365
0 2 159.84 28.1055 14.416 2.49846 0.178488 0.0508494
0 3 93.4799 21.2487 4.80989 1.08644 0.231405 0.0427338
0 4 46.9998 12.3601 1.27614 0.333935 0.274068 0.0397456
0 5 24.6996 6.84243 0.341144 0.0934546 0.289986 0.0375753
0 6 12.0195 3.16146 0.0823188 0.0212788 0.284015 0.0389958
0 7 5.91279 1.62167 0.0202193 0.00551812 0.297108 0.0380761
0 8 3.00538 0.832349 0.00517678 0.00142374 0.314508 0.0374551
0 9 1.96632 0.5023 0.0015363 0.00038599 0.279693 0.0333247
0 10 0.746567 0.203861 0.000208646 5.63593e-05 0.302638 0.0312666
0 11 0.304335 0.0794626 2.91489e-05 7.5311e-06 0.292048 0.0296604
0 12 0.0923142 0.0242174 2.4879e-06 6.50309e-07 0.297761 0.0284246
0 13 0.0249784 0.00641463 1.94627e-07 4.92467e-08 0.319966 0.0302923
0 14 0.00804908 0.00184676 1.9401e-08 4.39276e-09 0.295841 0.0314946
0 15 0.00308307 0.000728693 2.14659e-09 4.98924e-10 0.294002 0.0280368
0 16 0.000634616 0.000142889 8.74571e-11 1.93751e-11 0.312066 0.0325834
0 17 3.70989e-05 5.83681e-06 1.61043e-12 2.49724e-13 0.465193 0.0768062
0 18 0 0 0 0 inf nan
0 19 0 0 0 0 nan nan
0 20 0 0 0 0 nan nan
1 0 1653.63 53.4349 857.591 28.3299 0.0329683 0.0970261
1 1 1568.92 159.786 774.465 77.061 0.103722 0.0516503
1 2 1126.54 212.763 394.646 73.816 0.191746 0.036162
1 3 683.1 153.917 145.835 32.4824 0.231724 0.0322651
1 4 371.91 101.248 44.4041 11.9737 0.284774 0.0287732
1 5 198.582 53.1698 12.6517 3.36942 0.28226 0.0291214
1 6 104.768 29.6722 3.44619 0.97615 0.298644 0.0278123
1 7 54.0252 14.4874 0.90901 0.242018 0.295287 0.0284559
1 8 26.1114 6.91568 0.220639 0.0585474 0.295953 0.0291726
1 9 17.6409 4.88883 0.0684074 0.0187326 0.302814 0.0235409
1 10 6.24584 1.66718 0.00865137 0.00227828 0.298242 0.024206
1 11 2.58058 0.690634 0.00119062 0.000312095 0.301848 0.021922
1 12 0.702507 0.181043 8.50429e-05 2.17034e-05 0.299082 0.0222623
1 13 0.182575 0.0442478 5.94615e-06 1.41526e-06 0.30439 0.0235964
1 14 0.0532658 0.0120423 4.86132e-07 1.07556e-07 0.302319 0.0248325
1 15 0.017794 0.00410081 4.10811e-08 9.12632e-09 0.30693 0.022962
1 16 0.00300257 0.000647433 1.12663e-09 2.32897e-10 0.302353 0.0245604
1 17 0.000160867 2.78732e-05 1.53927e-11 2.65207e-12 0.465644 0.0486505
1 18 0 0 0 0 inf nan
1 19 0 0 0 0 nan nan
1 20 0 0 0 0 nan nan
2 0 3867.21 120.736 3987.85 128.207 0.0312203 0.0922638
2 1 3670.43 344.746 3708.9 342.708 0.0961394 0.0505728
2 2 2715.57 472.043 2020.66 345.286 0.177142 0.0355138
2 3 1688.33 379.925 790.473 175.897 0.23176 0.03041
2 4 990.248 250.936 267.727 66.8023 0.264741 0.0278075
2 5 534.058 136.438 79.7571 20.329 0.270721 0.0279987
2 6 287.409 74.423 22.9676 5.90677 0.282202 0.0274647
2 7 148.066 39.3456 6.13081 1.6177 0.291334 0.0269763
2 8 76.542 19.538 1.64434 0.414589 0.285656 0.0277337
2 9 50.0754 13.305 0.495075 0.130717 0.289068 0.023047
2 10 18.8713 4.78848 0.0680406 0.017117 0.283002 0.0232226
2 11 7.94952 2.14585 0.00960095 0.00253764 0.304922 0.0204039
2 12 2.05116 0.514685 0.000649968 0.000160373 0.295517 0.0219669
2 13 0.539013 0.126335 4.52266e-05 1.0345e-05 0.290198 0.0226921
2 14 0.148953 0.0342292 3.39452e-06 7.5289e-07 0.306177 0.023353
2 15 0.0484685 0.0112848 2.74128e-07 6.11965e-08 0.298875 0.0207978
2 16 0.00740703 0.00160759 6.30796e-09 1.32133e-09 0.319706 0.0248175
2 17 0.000378214 6.33011e-05 7.62536e-11 1.2656e-11 0.5348 0.0499324
2 18 0 0 0 0 inf nan
2 19 0 0 0 0 nan nan
2 20 0 0 0 0 nan nan
3 0 9767.29 307.228 15560.2 503.641 0.0330185 0.0702488
3 1 9556.61 827.436 15154 1288.68 0.0889472 0.0409445
3 2 7135.62 1232.74 8450.05 1433.86 0.175832 0.0277625
3 3 4595.85 1006.38 3498.81 765.699 0.224192 0.0240753
3 4 2701.08 653.804 1198.49 287.699 0.253202 0.0222629
3 5 1459.46 366.571 361.185 90.4991 0.265467 0.022074
3 6 772.428 192.765 101.782 25.3197 0.265728 0.0221569
3 7 402.08 103.668 27.8055 7.12482 0.284779 0.0216531
3 8 208.001 53.8036 7.40611 1.91281 0.29002 0.0214876
3 9 138.228 35.7428 2.26875 0.579674 0.28507 0.0181098
3 10 48.3915 12.008 0.286165 0.070133 0.285443 0.0188928
3 11 20.1848 5.18485 0.0385886 0.00970457 0.290649 0.0165816
3 12 5.07645 1.21235 0.00243938 0.00056413 0.286325 0.0171971
3 13 1.28089 0.312333 0.000154918 3.72543e-05 0.304411 0.0176932
3 14 0.323065 0.0703517 9.87075e-06 2.11975e-06 0.296971 0.0198609
3 15 0.094588 0.0211897 6.5661e-07 1.41491e-07 0.305136 0.0180872
3 16 0.0126638 0.00262936 1.16044e-08 2.3301e-09 0.31467 0.0240617
3 17 0.000565642 9.19427e-05 1.0531e-10 1.69266e-11 0.594991 0.0412642
3 18 0 0 0 0 inf nan
3 19 0 0 0 0 inf nan
3 20 0 0 0 0 nan nan
4 0 21352.7 578.625 51376 1429.91 0.0281812 0.0632701
4 1 21072.3 1843.82 50736.6 4376.94 0.0889299 0.0340219
4 2 15836.5 2595.48 28722.7 4621.52 0.16848 0.0236901
4 3 10050.2 2107.22 11766.8 2437.24 0.219614 0.0204741
4 4 6060.6 1376.6 4203.13 940.217 0.236982 0.019326
4 5 3349.22 799.341 1297.49 308.358 0.252449 0.0188395
4 6 1807.29 452.972 377.132 93.9038 0.273079 0.0181258
4 7 920.589 224.695 100.799 24.3568 0.267075 0.0186511
4 8 489.041 121.905 27.7434 6.86824 0.277553 0.0181424
4 9 318.49 79.8177 8.36908 2.07161 0.277177 0.0154147
4 10 116.503 28.9439 1.10503 0.271987 0.282124 0.0154101
4 11 47.6678 11.7198 0.149252 0.0360234 0.28026 0.0140934
4 12 12.0964 2.88141 0.0094958 0.00221682 0.283415 0.0144222
4 13 3.0838 0.693088 0.000608209 0.000133326 0.28254 0.0150941
4 14 0.782957 0.168466 3.90495e-05 8.14281e-06 0.291044 0.0156087
4 15 0.224026 0.0498771 2.53185e-06 5.44912e-07 0.305489 0.0157991
4 16 0.0296893 0.00595668 4.41795e-08 8.54453e-09 0.312884 0.0192682
4 17 0.00131177 0.000186347 3.94392e-10 5.51897e-11 0.64281 0.0420422
4 18 0 0 0 0 inf nan
4 19 0 0 0 0 inf nan
4 20 0 0 0 0 nan nan
5 0 18000.7 412.734 57581.8 1356.64 0.0236909 0.0868487
5 1 18145.4 1524.32 58505.3 4843.61 0.0861185 0.0431986
5 2 13560.2 2053.63 33183 4954.06 0.157079 0.031084
5 3 8809.24 1842.85 14081.1 2916.27 0.21402 0.0258509
5 4 5129.13 1187.01 4865.73 1118.43 0.240935 0.0243636
5 5 2859.99 664.908 1520.61 352.132 0.247883 0.0241923
5 6 1532.57 359.11 439.223 102.181 0.254034 0.0240016
5 7 827.772 195.698 124.535 29.2325 0.261418 0.0235464
5 8 422.19 95.9257 32.8313 7.39894 0.261814 0.0239656
5 9 279.466 69.1465 9.94952 2.43388 0.273141 0.01934
5 10 97.3497 23.1266 1.23418 0.289008 0.272216 0.0198879
5 11 39.5139 9.26012 0.161098 0.036771 0.26727 0.0181631
5 12 9.54144 2.12697 0.00951277 0.00207651 0.271727 0.0191825
5 13 2.2329 0.482968 0.00052964 0.000111708 0.289453 0.0211736
5 14 0.545575 0.10897 3.10189e-05 6.07082e-06 0.277878 0.021277
5 15 0.152706 0.0319561 1.86482e-06 3.72126e-07 0.305724 0.0243633
5 16 0.0170524 0.00332793 2.39847e-08 4.51202e-09 0.303642 0.0231182
5 17 0.000688389 9.49236e-05 1.7239e-10 2.33612e-11 0.590732 0.0594786
5 18 0 0 0 0 inf nan
5 19 0 0 0 0 inf nan
5 20 0 0 0 0 nan nan
6 0 30626.6 832.783 118430 3315.23 0.0287865 0.0663553
6 1 30950.7 2664.76 121577 10315.6 0.0876775 0.0361289
6 2 23999.5 3688.12 72084.1 10918.4 0.157204 0.0258204
6 3 15518.6 3029.83 30526.5 5952.23 0.201709 0.022517
6 4 9197.42 1931.85 10773.6 2246.33 0.22109 0.021424
6 5 5061.69 1171.04 3350.31 769.886 0.245854 0.0203752
6 6 2783.73 628.413 999.15 224.327 0.245576 0.0204265
6 7 1490.31 332.615 280.834 62.0337 0.249777 0.0201922
6 8 760.927 168.742 73.9611 16.3081 0.252067 0.0204469
6 9 500.456 116.689 22.2161 5.11637 0.261831 0.0167114
6 10 174.109 40.2832 2.74817 0.629458 0.264495 0.0170595
6 11 69.4239 15.7505 0.351735 0.0777334 0.262762 0.0158082
6 12 16.5787 3.76123 0.0200008 0.00440913 0.270312 0.016021
6 13 3.90618 0.825667 0.00110372 0.00022724 0.276146 0.0167258
6 14 0.901108 0.176854 5.90907e-05 1.11812e-05 0.276369 0.0185328
6 15 0.238743 0.0466395 3.24947e-06 6.03055e-07 0.283058 0.0195234
6 16 0.0260366 0.00466068 3.88985e-08 6.63474e-09 0.298896 0.0217119
6 17 0.000976626 0.000129419 2.42243e-10 3.18996e-11 0.675714 0.0659915
6 18 0 0 0 0 inf nan
6 19 0 0 0 0 inf nan
6 20 0 0 0 0 nan nan
